basis=def2-TZVP
calc=ADC(2)
mem=50GB
nstate=6
nsing=6
pcm=Water

geom=xyz
29

 O                  1.26150100    9.83706500    1.29325200
 O                 -4.77453600    9.72735400   -0.44912300
 N                 -2.12015000   12.91378000    0.27469600
 H                 -2.42855200   13.87576900    0.20318900
 C                 -2.69982000   10.63101100    0.20675800
 C                 -0.80098100   12.74243100    0.56526200
 C                 -3.07708000   11.98217200    0.07646400
 C                 -3.61536500    9.54082600   -0.04990900
 C                 -1.31804400   10.32356600    0.61960900
 H                 -1.33737900    9.85129000    1.62155500
 H                 -0.90443500    9.50645500    0.01544500
 C                 -0.33691600   11.42386400    0.68566500
 C                  1.02969300   10.99916100    0.92067600
 C                 -4.43942700   12.50513300   -0.23334500
 H                 -4.44832200   13.59449900   -0.18398300
 H                 -4.76590800   12.19937500   -1.22604100
 H                 -5.17579400   12.11825600    0.46903000
 C                 -3.13405300    8.11911600    0.13660500
 H                 -4.00412300    7.47561700    0.24496300
 H                 -2.57954700    7.79236600   -0.74716900
 H                 -2.48389800    7.98863800    0.99959100
 C                  2.20438500   11.91557300    0.67902500
 H                  2.03016400   12.64098200   -0.11093700
 H                  2.46206800   12.45916300    1.59085400
 H                  3.05822800   11.29541800    0.41239700
 C                 -0.03058600   14.00673900    0.76384300
 H                  0.65519600   13.92344000    1.60367500
 H                  0.55293300   14.28316900   -0.11683400
 H                 -0.70842400   14.83360800    0.97678800

