basis=def2-TZVP
calc=ADC(2)
mem=50GB
nstate=6
nsing=6
pcm=Water

geom=xyz
29

 O                  1.32218600    9.84697200    1.04739700
 O                 -4.84210800    9.74088600   -0.29241600
 N                 -2.09646400   12.92187400    0.27646100
 H                 -2.40822600   13.87487700    0.18657300
 C                 -2.68243200   10.61742900    0.21117800
 C                 -0.77550600   12.71547800    0.51541500
 C                 -3.05316800   11.93055000    0.08560100
 C                 -3.58989000    9.56035600    0.02477900
 C                 -1.26033500   10.26063400    0.58410800
 H                 -1.24608600    9.74380600    1.54896100
 H                 -0.86067500    9.53576400   -0.12790600
 C                 -0.30950700   11.43835100    0.64224500
 C                  1.06717200   11.04170200    0.87029400
 C                 -4.40387600   12.46469000   -0.23544300
 H                 -4.79990400   13.06614100    0.58843800
 H                 -4.37883100   13.09693100   -1.12761500
 H                 -5.11576200   11.65937900   -0.42238600
 C                 -3.28498800    8.09150400    0.17503900
 H                 -3.92812600    7.64393700    0.93637300
 H                 -3.46446800    7.56356900   -0.76456500
 H                 -2.24709300    7.96173500    0.46612800
 C                  2.22773100   12.00986100    0.88681800
 H                  2.21975700   12.69019600    0.03869500
 H                  2.22328900   12.60956000    1.79767400
 H                  3.14468900   11.42600100    0.86759800
 C                  0.00691700   13.99385100    0.60176300
 H                  0.65925500   14.01550400    1.46849600
 H                  0.61891600   14.14272200   -0.28726100
 H                 -0.67163800   14.84157600    0.67955900

