basis=def2-TZVP
calc=ADC(2)
mem=50GB
nstate=6
nsing=6
pcm=explicit
pcm_green_eps=7.42

geom=xyz
29

 O                  1.34739100    9.84078100    0.89774500
 O                 -4.85353900    9.74427300   -0.24561700
 N                 -2.11074400   12.92103200    0.36059500
 H                 -2.43042400   13.87446100    0.32179600
 C                 -2.68415800   10.61652000    0.21931600
 C                 -0.77955200   12.71340300    0.54808600
 C                 -3.06702500   11.93169200    0.16044200
 C                 -3.59001200    9.56211000    0.02142000
 C                 -1.24745400   10.25593400    0.52798600
 H                 -1.19464200    9.69864300    1.46838500
 H                 -0.86604300    9.56625100   -0.22757000
 C                 -0.30338600   11.43722800    0.60584600
 C                  1.08409700   11.03768500    0.77388800
 C                 -4.43127900   12.46898700   -0.09118300
 H                 -4.43866900   13.14512500   -0.95121100
 H                 -5.14325400   11.66896000   -0.29656100
 H                 -4.80582400   13.02501500    0.77393300
 C                 -3.26861000    8.09112100    0.10041900
 H                 -3.46877700    7.60264200   -0.85619400
 H                 -2.22249100    7.95848900    0.35867900
 H                 -3.88837600    7.60604300    0.85804400
 C                  2.24052100   12.01170700    0.78540700
 H                  2.19935500   12.72193700   -0.03715600
 H                  2.26572700   12.57755500    1.71732600
 H                  3.15798900   11.43304000    0.71311600
 C                 -0.00270200   13.99340500    0.66338700
 H                  0.67971500   13.98270100    1.50697300
 H                  0.57686300   14.18766000   -0.23859100
 H                 -0.68386900   14.83143200    0.80329600


