basis=def2-TZVP
calc=ADC(2)
mem=50GB
nstate=6
nsing=6
pcm=Water

geom=xyz
29

 O                  2.28561500   -2.28048200    0.17267100
 O                 -3.58490900   -0.24654000   -0.49350700
 N                  0.02822000    1.79999800    0.26831800
 H                  0.05896600    2.80662800    0.27130100
 C                 -1.28988100   -0.13846200    0.08814800
 C                  1.23108900    1.13602400    0.15033000
 C                 -1.20399300    1.21175900    0.08923200
 C                 -2.56219700   -0.82274400   -0.13651900
 C                 -0.06128400   -0.95505200    0.41980800
 H                 -0.08265500   -1.27238700    1.47095100
 H                 -0.05103300   -1.87943900   -0.15305700
 C                  1.22836300   -0.21638100    0.13715400
 C                  2.39538500   -1.07871600   -0.05256100
 C                 -2.32045200    2.18919300   -0.09108300
 H                 -2.00686200    3.18446700    0.22324300
 H                 -2.62025900    2.23614200   -1.13808400
 H                 -3.19914500    1.89121300    0.47241900
 C                 -2.59583300   -2.31480300    0.08561800
 H                 -3.62697700   -2.65641200    0.05024400
 H                 -2.02735200   -2.82410600   -0.69539400
 H                 -2.14626300   -2.58980700    1.04018900
 C                  3.72394400   -0.56997500   -0.55596000
 H                  3.62563100    0.20254600   -1.31393300
 H                  4.31112700   -0.16442800    0.26965300
 H                  4.26849800   -1.41656100   -0.96749900
 C                  2.39413400    2.07557800    0.04852400
 H                  3.28222800    1.69275300    0.53604100
 H                  2.63403300    2.28329900   -0.99532400
 H                  2.14122700    3.02376700    0.52156400

