basis=def2-TZVP
calc=ADC(2)
mem=50GB
nstate=6
nsing=6
pcm=explicit
pcm_green_eps=7.42

geom=xyz
29

 O                  1.39452200    9.82118700    0.39453100
 O                 -4.87628900    9.74027300    0.18708200
 N                 -2.11909400   12.91601300    0.25109300
 H                 -2.43163000   13.87766000    0.20283800
 C                 -2.69691400   10.63233300    0.19264700
 C                 -0.77280600   12.74171200    0.38649100
 C                 -3.09237600   11.98450100    0.16417800
 C                 -3.65427700    9.54492900    0.18228500
 C                 -1.25839800   10.32151100    0.24151800
 H                 -1.05644000    9.52759400    0.97262800
 H                 -0.96236200    9.80943600   -0.69596000
 C                 -0.29949700   11.42314200    0.44415000
 C                  1.07307600   10.99255700    0.64234500
 C                 -4.48291100   12.50626000    0.02426000
 H                 -4.47598800   13.59561200   -0.03324400
 H                 -4.96149300   12.11282900   -0.87126600
 H                 -5.10633600   12.20473100    0.86415900
 C                 -3.14634500    8.12020600    0.20479600
 H                 -3.93940800    7.47105900   -0.15884400
 H                 -2.25242000    7.96530800   -0.39634700
 H                 -2.91033600    7.82404700    1.23036800
 C                  2.12978100   11.92009500    1.19348200
 H                  2.63316700   12.45493900    0.38500400
 H                  1.73603900   12.65351400    1.89242600
 H                  2.87460200   11.30782000    1.69779700
 C                  0.02560100   14.00399200    0.41136400
 H                  0.32295500   14.29273800    1.42186800
 H                  0.93029900   13.91103300   -0.18511000
 H                 -0.55389300   14.82880300   -0.00453900

