basis=def2-TZVP
calc=ADC(2)
mem=50GB
nstate=6
nsing=6
pcm=explicit
pcm_green_eps=7.4257

geom=xyz
29

 O                  2.28821800   -2.27654300   -0.18199300
 O                 -3.58716100   -0.24421900    0.47319300
 N                  0.02643200    1.80205700   -0.26816200
 H                  0.05530900    2.80839100   -0.26163500
 C                 -1.28872200   -0.13913100   -0.09180300
 C                  1.23053400    1.13759800   -0.15144700
 C                 -1.20550300    1.21023400   -0.08837600
 C                 -2.56257700   -0.82432000    0.13365000
 C                 -0.05917700   -0.95376200   -0.42393200
 H                 -0.04647600   -1.87924800    0.14698900
 H                 -0.07900300   -1.27043100   -1.47515300
 C                  1.22928400   -0.21352800   -0.14088500
 C                  2.39737800   -1.07816500    0.04949900
 C                 -2.32421000    2.18409500    0.09955500
 H                 -2.00364400    3.18875100   -0.17679100
 H                 -3.19171400    1.90582900   -0.49132400
 H                 -2.64933300    2.19638800    1.13963800
 C                 -2.59135300   -2.31984300   -0.06689100
 H                 -3.62173700   -2.66281400   -0.02509700
 H                 -2.14228800   -2.60693200   -1.01823700
 H                 -2.01982700   -2.81674900    0.71983600
 C                  3.72343600   -0.57115000    0.56379300
 H                  4.31844400   -0.16726400   -0.25706900
 H                  3.62036400    0.20093500    1.32184800
 H                  4.26233300   -1.41966500    0.97855300
 C                  2.39276200    2.07853000   -0.04822700
 H                  2.61792300    2.30525300    0.99515000
 H                  3.28784500    1.68792100   -0.51596500
 H                  2.14721000    3.01797100   -0.54281800

